377451
378857
379657
380036
381038
381543
382242
385450
386250
387959
389357
390645
391748
393247
393550
395251
395756
395958
397154
397760
397861
406432
406836
412528
414229
415837
422632
424939
429040
432332
433839
436239
436845
441939
445543
448347
449753
453441
456346
459453
465852
467351
473952
475855
479762
480141
481951
485757
486759
492754
495255
497865
499566
500222
506234
510326
512835
513736
517239
519950
520228
521331
522434
523032
524135
525541
529549
529953
530635
531536
536647
540436
541943
545345
547046
548250
549757
552544
553344
555348
555651
557857
559053
561242
561444
562345
562446
565452
566454
567052
567961
568963
570243
571144
571548
572045
573249
573451
576255
579665
579867
580044
580347
580650
580751
581349
581450
583858
584355
585256
585862
586460
587664
